,w,auc,recall,specificity,precision,f1,train_size,val_size
0,0.0,0.6517292086684442,0.6890459363957597,0.4217791411042945,0.0333333333333333,0.0635904125224197,920,395
1,0.1,0.6581499707342454,0.6784452296819788,0.5232106339468303,0.0395468589083419,0.0747372518489684,920,395
2,0.2,0.6079953319314676,0.6007067137809188,0.4715746421267893,0.0318471337579617,0.0604874577477317,920,395
3,0.25,0.7760004552450737,0.7137809187279152,0.6369120654396728,0.0538236077804423,0.1000991080277502,920,395
4,0.3,0.6670604897858903,0.6607773851590106,0.6800613496932515,0.0563932448733413,0.1039177549319255,920,395
6,0.5,0.7501893241417183,0.7314487632508834,0.5857873210633947,0.0486143729450446,0.0911693459590398,920,395
8,0.7,0.7630985930759392,0.6749116607773852,0.7088957055214724,0.0628703094140882,0.1150255947003914,920,395
7,0.75,0.7485518870992217,0.6254416961130742,0.6426380368098159,0.0482026143790849,0.0895069532237673,920,395
9,0.8,0.7595034215641643,0.696113074204947,0.6593047034764826,0.0558231793709266,0.1033578174186778,920,395
10,0.85,0.7613074204946998,0.6607773851590106,0.7368098159509202,0.0677290836653386,0.1228646517739816,920,395
11,0.9,0.7704123219666588,0.6784452296819788,0.7465235173824131,0.0718831898165481,0.1299932295192958,920,395
